0 8 0 64 0 64 0 64 0 64 0 64 0 64 0 64 0 65 * * * * * * * * * * * * * * * * * * * * 0 62 0 63 0 63 0 63 0 63 0 63 0 63 0 63 0 63
0 72 0 72 0 72 0 72 0 72 0 72 0 72 0 72 0 73 * * * * * * * * * * * * * * * * * * * * 0 70 0 71 0 71 0 71 0 71 0 71 0 71 0 71 0 71
0 80 0 80 0 80 0 80 0 80 0 80 0 80 0 80 0 81 * * * * * * * * * * * * * * * * * * * * 0 78 0 79 0 79 0 79 0 79 0 79 0 79 0 79 0 79
0 19 0 19 0 19 0 19 0 19 0 19 0 19 0 19 0 19 0 8 * * * * * * * * * * * * * * * * * * 0 7 0 19 0 19 0 19 0 19 0 19 0 19 0 19 0 19 0 19
0 94 0 95 0 93 0 93 0 0 0 1 0 1 0 1 0 1 0 17 * * * * * * * * * * * * * * * * * * 0 16 0 1 0 1 0 1 0 1 0 2 0 53 0 93 0 53 0 93
0 96 0 97 0 93 0 53 0 9 * * * * * * * * * * * * * * * * * * * * * * * * * * * * 0 11 0 93 0 93 0 53 0 93
0 53 0 94 0 95 0 93 0 9 * * * * * * * * * * * * * * * * * * * * * * * * * * * * 0 11 0 53 0 94 0 95 0 93
0 53 0 96 0 97 0 53 0 9 * * * * * * * * * * * * * * * * * * * * * * * * * * * * 0 11 0 53 0 96 0 97 0 53
0 94 0 95 0 53 0 53 0 9 * * * * * * * * * * * * * * * * * * * * * * * * * * * * 0 11 0 94 0 95 0 53 0 53
0 96 0 97 0 46 0 47 0 18 0 19 0 19 0 19 0 19 0 19 0 19 0 19 0 19 0 19 0 19 0 19 0 19 0 19 0 19 0 19 0 19 0 19 0 19 0 19 0 19 0 19 0 19 0 19 0 19 0 19 0 19 0 19 0 19 0 20 0 96 0 97 0 46 0 47
0 93 0 53 0 54 0 55 0 53 0 53 0 46 0 47 0 93 0 53 0 93 0 94 0 95 0 53 0 93 0 53 0 53 0 46 0 47 0 46 0 47 0 53 0 46 0 47 0 53 0 53 0 46 0 47 0 93 0 53 0 93 0 53 0 93 0 93 0 93 0 53 0 54 0 55
0 93 0 93 0 53 0 93 0 93 0 93 0 54 0 55 0 94 0 95 0 53 0 96 0 97 0 93 0 53 0 93 0 93 0 54 0 55 0 54 0 55 0 93 0 54 0 55 0 93 0 93 0 54 0 55 0 94 0 95 0 53 0 93 0 94 0 95 0 94 0 95 0 93 0 93
0 53 0 94 0 95 0 53 0 53 0 94 0 95 0 53 0 96 0 97 0 46 0 47 0 93 0 53 0 46 0 47 0 94 0 95 0 53 0 94 0 95 0 53 0 94 0 95 0 53 0 94 0 95 0 53 0 96 0 97 0 46 0 47 0 96 0 97 0 96 0 97 0 94 0 95
0 93 0 96 0 97 0 93 0 93 0 96 0 97 0 93 0 53 0 53 0 54 0 55 0 93 0 93 0 54 0 55 0 96 0 97 0 93 0 96 0 97 0 93 0 96 0 97 0 93 0 96 0 97 0 93 0 53 0 53 0 54 0 55 0 53 0 93 0 93 0 53 0 96 0 97
