0 4 0 5 0 8 0 8 1 53 0 8 0 8 0 4 0 5 0 8 0 4 0 5 0 17 0 17 0 17 0 17 * * * * * * * * * * * * * * * * *
0 6 0 7 0 8 1 53 0 8 1 46 1 47 0 6 0 7 0 8 0 6 0 7 1 53 0 17 0 17 0 17 0 17 0 17 0 17 0 17 0 17 0 17 0 17 0 17 0 17 0 17 0 17 0 17 0 17 0 17 0 17 0 17 0 17
1 53 1 46 1 47 0 4 0 5 1 54 1 55 0 8 1 53 0 8 0 17 1 46 1 47 0 17 0 17 0 17 0 17 0 17 0 17 0 17 0 17 0 17 0 17 0 17 0 17 0 17 0 17 0 17 0 17 0 17 0 17 0 17 0 17
0 8 1 54 1 55 0 6 0 7 0 8 1 53 1 46 1 47 0 4 0 5 1 54 1 55 1 53 0 17 0 17 0 17 0 4 0 5 0 17 0 17 0 17 0 17 0 17 0 17 0 17 0 17 0 17 0 17 0 17 0 17 0 17 0 17
1 53 0 8 1 53 0 8 0 8 1 1 1 1 1 54 1 55 0 6 0 7 1 53 0 8 0 17 0 8 0 17 0 17 0 6 0 7 1 53 0 17 0 17 0 8 0 17 0 17 0 17 0 17 0 17 0 17 0 17 0 17 0 17 0 17
0 8 0 8 1 53 0 8 1 53 * * * * * * * 0 8 * 0 15 0 17 0 8 1 53 0 8 1 9 * * * * * * * * 0 15 0 17 0 17 0 17 0 17
1 53 0 4 0 5 0 8 1 9 * * * * * * * * * * * 0 8 1 1 1 1 1 17 * * * * * * * * 0 4 0 5 0 17 0 17 0 17
1 53 0 6 0 7 1 53 1 9 * * * * * * * * * * * * * * * * * * * * * * * 0 6 0 7 0 17 0 17 0 17
0 4 0 5 1 53 1 53 1 9 * * * * * * * * * * * * * * * * * * * * * * * 0 15 0 17 0 17 0 17 0 17
0 6 0 7 1 46 1 47 1 18 0 8 1 19 0 8 1 19 1 19 1 90 * * * * * * * * * * * 0 61 0 62 0 16 0 16 0 16 0 20 0 17 0 17 0 17 0 17 0 17
0 8 1 53 1 54 1 55 0 8 1 53 0 8 0 8 1 46 1 47 1 92 1 19 1 90 * * * * * * * * 0 8 0 8 0 8 0 17 0 17 0 17 0 17 0 17 0 17 0 17 0 17 0 17
0 4 0 5 0 8 0 8 1 53 0 8 0 4 0 5 1 54 1 55 0 8 1 53 0 8 0 16 1 53 0 8 * * * * * * * * * * 0 15 0 8 0 17 0 17 0 17 0 17 0 17
0 6 0 7 0 4 0 5 1 46 1 47 0 6 0 7 0 4 0 5 0 8 0 17 0 17 0 17 0 17 0 8 0 16 0 23 * * * * * * * * 0 15 0 17 0 17 0 17 0 17 0 17 0 8
0 8 0 8 0 6 0 7 1 54 1 55 1 46 1 47 0 6 0 7 0 17 0 8 0 17 0 17 0 17 0 17 0 8 0 19 * * * * * * * * 0 8 0 17 0 17 0 17 0 17 * *
* * * * * * 1 54 1 55 0 17 0 17 0 17 0 17 0 17 0 17 0 8 0 17 0 17 0 8 0 4 0 5 0 64 * * * * * 0 15 0 17 0 17 0 17 0 17 * *
* * * * * * * * * * * 0 8 0 17 0 17 0 17 0 17 0 17 0 17 0 6 0 7 0 68 0 16 0 8 * * * 0 15 0 8 0 17 0 17 0 17 * *
* * * * * * * * * * * 0 17 0 17 0 17 0 17 0 17 0 17 0 8 0 17 0 17 0 17 0 17 1 53 0 4 0 5 0 20 0 17 0 17 0 17 0 17 0 17 * *
* * * * * * * * * * * * * 0 17 0 17 0 17 0 17 0 17 0 17 0 17 0 17 0 17 0 17 0 6 0 7 0 17 0 17 0 17 0 17 0 17 0 17 * *
* * * * * * * * * * * * * 0 17 0 17 0 17 0 17 0 17 0 17 0 17 0 17 0 17 0 17 0 17 0 17 0 17 0 17 0 17 0 17 0 17 0 17 * *
