0 8 0 17 0 8 0 8 0 17 0 8 0 8 0 4 0 5 0 17 0 17 0 17 0 17 0 17 0 17 0 17 0 17 0 17 0 17 0 17 0 17 0 4 0 5 * *
0 17 0 17 0 17 0 17 0 17 0 17 0 17 0 6 0 7 0 17 0 17 0 17 0 17 0 17 0 17 0 17 0 17 0 17 0 17 0 17 0 17 0 6 0 7 0 8 *
0 17 0 17 0 17 0 17 0 17 0 17 0 8 0 17 0 17 0 17 0 17 0 4 0 5 0 17 0 17 0 17 0 17 0 8 0 8 0 17 0 17 0 17 0 17 0 17 0 17
0 8 0 17 0 17 0 4 0 5 0 8 0 17 0 8 0 17 0 8 0 8 0 6 0 7 0 8 0 8 0 17 0 17 0 17 0 8 0 17 0 17 0 17 0 17 0 17 0 17
0 17 0 17 0 17 0 6 0 7 * * * * * * * * * * * * * 0 17 0 17 0 17 0 17 0 8 0 17 0 17
0 17 0 17 0 17 0 8 * * * * * * * * * * * * * * * * 0 15 0 17 0 17 0 17 0 17
0 8 0 17 0 8 0 8 * * * * * * * * * * * * * * * * 0 15 0 8 0 17 0 17 0 17
0 8 0 17 0 17 0 8 * * * * * * * * * * * * * * * * 0 15 0 17 0 17 0 17 0 17
0 5 0 8 0 8 0 4 0 5 0 8 0 8 0 16 0 8 0 16 0 16 0 4 0 5 0 16 0 23 * * * * * 0 8 0 17 0 4 0 5 0 17
0 7 0 17 0 17 0 6 0 7 0 17 0 17 0 17 0 17 0 17 0 17 0 6 0 7 0 17 * * * * * * 0 15 0 17 0 6 0 7 0 17
0 17 0 17 0 17 0 17 0 17 0 17 0 17 0 4 0 5 * * * * * * * * * * * 0 15 0 17 0 17 0 17 0 17
0 17 0 17 0 17 0 17 0 17 0 17 0 17 0 6 0 7 * * * * * * * * * 0 4 0 5 0 8 0 17 0 17 0 17 0 17
* * * * 0 8 0 17 0 17 0 8 0 19 * * * * * * * * * 0 6 0 7 0 17 0 17 0 17 0 17 0 17
* * * * 0 8 0 17 0 17 0 8 0 19 * * * * * * * 0 4 0 5 0 8 0 8 0 8 0 17 0 17 0 17 0 17
* * * * 0 8 0 17 0 17 0 8 0 17 0 21 0 16 0 8 0 16 0 16 0 16 0 16 0 6 0 7 0 8 0 17 0 17 0 17 0 17 0 17 0 17
* * * * 0 17 0 17 0 17 0 8 0 4 0 5 0 17 0 17 0 17 0 8 0 17 0 17 0 4 0 5 0 17 0 17 0 17 0 17 0 4 0 5 *
* * * * 0 17 0 17 0 17 0 17 0 6 0 7 0 17 0 17 0 17 0 8 0 17 0 17 0 6 0 7 0 17 0 17 0 17 0 17 0 6 0 7 *
* * * * 0 17 0 17 0 17 0 17 0 17 0 8 0 17 0 17 0 17 0 8 0 17 0 17 0 17 0 8 0 17 0 17 0 17 0 17 * * *
